3
72
55.3204 63.7045 155.25 0
54.6151 63.6629 353.25 1.0467
53.9145 63.7068 346.5 1.56669
53.2187 63.8029 352.135 2.06994
52.5279 63.9191 350.455 2.40823
51.8429 64.026 351.134 2.66501
51.1645 64.0991 353.845 2.9232
50.4939 64.121 358.134 3.263
49.8321 64.0819 3.37566 3.75159
49.1796 63.9811 8.78819 4.24066
48.5355 63.8256 13.5672 4.73148
47.8975 63.6298 17.0598 5.15751
47.2616 63.4126 18.8593 5.45731
46.6226 63.1946 18.8353 5.70737
45.9753 62.9949 17.1474 5.95826
45.3156 62.8271 14.2711 6.22675
44.6419 62.6963 10.9866 6.54016
43.9562 62.5968 8.25761 6.84212
43.2644 62.5111 7.06451 7.10615
42.5752 62.4104 8.31365 7.36412
41.8978 62.259 12.5956 7.70132
41.2392 62.0155 20.29 8.20886
40.6339 61.568 36.4771 8.76646
40.0728 61.0075 44.9717 9.35394
39.5862 60.3462 53.6467 9.96211
39.1774 59.6225 60.5436 10.5778
38.8504 58.8643 66.6691 11.1894
38.6023 58.0974 72.0752 11.7865
38.4283 57.3395 77.0707 12.3586
38.3243 56.6001 81.9902 12.9079
38.2874 55.8824 87.0547 13.4403
38.3163 55.1859 92.3786 13.9566
38.4112 54.5082 97.975 14.4635
38.5731 53.8481 103.781 14.967
38.8028 53.2071 109.714 15.4714
39.101 52.59 115.793 15.979
39.4686 52.0058 122.173 16.4997
39.9092 51.4675 129.303 17.1486
40.4373 50.9982 148.5 18.8263
39.8577 51.4021 184.598 18.8263
39.1036 51.6582 164.799 20.0062
38.2311 51.7734 172.476 20.6581
37.2866 51.7482 181.531 21.3579
36.3113 51.5868 189.392 22.0902
35.3396 51.2975 196.585 22.8412
34.397 50.892 203.273 23.6013
33.4992 50.3864 209.387 24.3254
32.6522 49.7991 214.735 24.9492
31.8539 49.15 219.116 25.4431
31.0965 48.4584 222.404 25.8486
30.3694 47.7416 224.587 26.2267
29.661 47.014 225.767 26.6028
28.9613 46.2859 226.141 26.9768
28.2627 45.5636 225.957 27.349
27.5608 44.8499 225.474 27.7198
26.8538 44.1449 224.921 28.0896
26.1421 43.4461 224.475 28.459
25.4276 42.7503 224.241 28.8284
24.7126 42.0536 224.26 29.1981
23.9992 41.3521 224.514 29.5687
23.2886 40.6432 224.934 29.9404
22.581 39.9254 225.408 30.3137
21.875 39.1996 225.792 30.6887
21.1677 38.4695 225.909 31.0652
20.4546 37.7424 225.558 31.4424
19.7297 37.0297 224.512 31.8189
18.9856 36.3474 222.52 32.1928
18.2136 35.7155 219.299 32.5623
17.4042 35.1583 214.548 32.9797
16.5472 34.7026 207.999 33.5576
15.6318 34.3775 199.556 34.3126
14.6463 34.2148 184.598 35.9454
55
54.6992 35.8412 80.5523 0
53.9937 35.8052 352.802 1.04655
53.3135 35.8983 346.052 1.55509
52.6525 36.0791 344.698 2.06271
52.007 36.328 338.915 2.57517
51.3731 36.6247 334.919 3.05448
50.7465 36.9484 332.677 3.38479
50.1228 37.2783 332.127 3.64611
49.4977 37.594 333.202 3.90548
48.8676 37.8771 335.804 4.16132
48.2302 38.112 339.77 4.48074
47.5845 38.2873 344.814 4.94163
46.9311 38.3965 350.509 5.43234
46.2724 38.4389 356.324 5.92128
45.6114 38.4136 2.19208 6.41127
44.9526 38.3198 8.10297 6.90419
44.3015 38.1567 14.0573 7.40139
43.665 37.9243 20.0585 7.90331
43.0508 37.6233 26.1124 8.40997
42.468 37.2557 32.2412 8.92038
41.9263 36.8244 38.5257 9.43329
41.4375 36.332 45.2116 9.95671
41.0188 35.7766 52.981 10.6061
40.7055 35.1434 73.8023 12.2862
40.9422 35.8091 176.599 12.2862
40.9933 36.6115 90.1016 13.4773
40.8768 37.4928 97.5277 14.1358
40.6037 38.4025 106.713 14.8394
40.1866 39.2957 115.028 15.5696
39.6402 40.1355 123.048 16.3118
38.9808 40.8953 130.958 17.057
38.2258 41.5597 138.647 17.8019
37.3936 42.1251 145.81 18.5472
36.5021 42.5973 152.091 19.2828
35.5681 42.9896 157.215 19.904
34.6063 43.3196 161.064 20.3491
33.6291 43.6059 163.672 20.7263
32.6456 43.8659 165.192 21.103
31.6623 44.1139 165.846 21.4786
30.6829 44.3602 165.881 21.8527
29.7091 44.6114 165.534 22.2251
28.7409 44.8708 165.002 22.5964
27.7775 45.1395 164.42 22.9668
26.8178 45.4171 163.864 23.3368
25.8605 45.7032 163.36 23.7069
24.905 45.997 162.913 24.0771
23.9504 46.2973 162.534 24.4477
22.9964 46.6025 162.257 24.8187
22.0424 46.9097 162.154 25.1899
21.0873 47.2138 162.335 25.5612
20.13 47.5078 162.931 25.9321
19.1685 47.7821 164.08 26.3024
18.2006 48.0252 165.9 26.672
17.2237 48.2245 168.472 27.122
16.235 48.3665 176.599 28.276
56
53.7488 23.369 77.7526 5
53.0423 23.3674 350.003 6.04667
52.3623 23.49 343.253 6.55849
51.7016 23.6958 342.702 7.07109
51.0541 23.9584 337.922 7.58867
50.4141 24.2523 335.338 7.93645
49.7767 24.5528 334.757 8.19744
49.1375 24.8377 335.977 8.45663
48.4934 25.0876 338.795 8.72202
47.8429 25.287 342.96 9.06607
47.1858 25.425 348.135 9.54593
46.5233 25.4959 353.89 10.0395
45.8582 25.4989 359.746 10.5321
45.194 25.4332 5.65109 11.0265
44.5357 25.298 11.5991 11.5244
43.8894 25.0932 17.5907 12.0266
43.2629 24.819 23.6321 12.5331
42.6647 24.4771 29.7464 13.0435
42.1046 24.0701 36.0123 13.5564
41.5943 23.5997 42.6666 14.0798
41.1504 23.0638 50.3654 14.7292
40.8066 22.4467 71.0026 16.4085
41.0755 23.1 174.493 16.4085
41.1585 23.8925 87.3019 17.589
41.076 24.7693 95.377 18.2414
40.8393 25.684 104.504 18.9413
40.4623 26.5961 112.458 19.6723
39.9604 27.4723 119.804 20.4203
39.3506 28.2894 126.736 21.1755
38.6511 29.0345 133.193 21.9287
37.8804 29.7051 138.972 22.6171
37.0565 30.3072 143.838 23.1786
36.1959 30.8528 147.626 23.6095
35.3128 31.3568 150.287 23.9861
34.4184 31.8343 151.902 24.3616
33.5211 32.2986 152.645 24.7358
32.626 32.7595 152.753 25.1087
31.736 33.2233 152.474 25.4804
30.8516 33.693 152.029 25.8513
29.9724 34.1688 151.579 26.2216
29.097 34.6499 151.208 26.5915
28.2243 35.1349 150.936 26.9613
27.3532 35.6233 150.724 27.3312
26.4834 36.1152 150.509 27.7013
25.6149 36.6121 150.225 28.0719
24.7484 37.1157 149.837 28.4431
23.8841 37.6276 149.362 28.8151
23.022 38.148 148.881 29.1881
22.1614 38.6745 148.542 29.5617
21.3001 39.2013 148.55 29.9357
20.4347 39.7181 149.155 30.309
19.5602 40.2103 150.629 30.6806
18.6703 40.659 153.241 31.0498
17.7576 41.0422 157.228 31.4275
16.814 41.3355 162.732 31.9162
15.8312 41.5137 174.493 33.2446
