3
56
53.973 49.7316 106.977 15
53.2672 49.7026 352.227 16.0465
52.588 49.8034 345.477 16.5551
51.929 49.9921 344.022 17.0629
51.2859 50.2487 338.251 17.5758
50.6544 50.5524 334.317 18.0493
50.0299 50.8816 332.203 18.377
49.4079 51.2142 331.868 18.6382
48.784 51.5285 333.262 18.8969
48.1551 51.8047 336.286 19.1731
47.5195 52.0271 340.715 19.5446
46.8776 52.1857 346.119 20.0343
46.2318 52.2786 351.815 20.5176
45.5851 52.3057 357.604 20.9971
44.9411 52.2671 3.43195 21.475
44.3041 52.1629 9.28787 21.9531
43.6789 51.9933 15.1781 22.4329
43.0711 51.7586 21.1103 22.9156
42.4866 51.4596 27.0903 23.4019
41.9318 51.0977 33.1194 23.8926
41.4134 50.6749 39.1975 24.3881
40.9383 50.1945 45.32 24.8886
40.5135 49.6608 51.487 25.3938
40.1464 49.0796 57.7188 25.903
39.8446 48.4581 64.1014 26.4148
39.618 47.8036 70.9044 26.9378
39.4842 47.1222 78.8848 27.5873
39.4854 46.4157 100.227 29.2698
39.4011 47.1171 178.927 29.2698
39.0898 47.8585 116.526 30.461
38.5933 48.5959 123.953 31.1195
37.9438 49.289 133.139 31.8231
37.1728 49.9033 141.455 32.5534
36.3098 50.4121 149.477 33.2954
35.3812 50.7989 157.391 34.0406
34.4095 51.0577 165.082 34.7855
33.4127 51.1935 172.245 35.5306
32.4043 51.2196 178.516 36.2655
31.3933 51.1556 183.619 36.8843
30.385 51.0241 187.431 37.3284
29.3822 50.8475 189.991 37.7056
28.3854 50.6454 191.462 38.0823
27.3939 50.4331 192.083 38.4578
26.4066 50.2209 192.132 38.8318
25.4222 50.0138 191.878 39.2044
24.4396 49.8131 191.548 39.5758
23.458 49.617 191.295 39.9466
22.4768 49.4231 191.182 40.317
21.4958 49.2291 191.184 40.6874
20.5145 49.0347 191.204 41.0579
19.5327 48.8422 191.096 41.4284
18.5497 48.6564 190.702 41.799
17.5648 48.4851 189.866 42.1692
16.577 48.3381 188.466 42.5391
15.5854 48.2265 186.422 42.9895
14.5886 48.162 178.927 44.1435
51
15.5314 41.1413 70.9391 10
16.2372 41.1698 172.189 11.0465
16.9277 41.0866 165.439 11.5617
17.6001 40.9179 165.915 12.0752
18.2495 40.6745 159.453 12.5889
18.8694 40.3624 153.275 13.103
19.4531 39.9862 147.2 13.6174
19.9943 39.5505 141.159 14.132
20.4869 39.0599 135.125 14.647
20.9256 38.5199 129.087 15.1624
21.3052 37.9361 123.032 15.6782
21.6209 37.315 116.939 16.1943
21.8676 36.6633 110.743 16.7105
22.0393 35.9881 104.266 17.2348
22.1248 35.2953 97.0381 17.8839
22.0979 34.5894 77.6891 19.5585
22.2076 35.2873 1.29267 19.5585
22.5453 36.0141 61.3898 20.7458
23.0673 36.7296 53.8872 21.4018
23.7404 37.3963 44.7254 22.1036
24.5326 37.9828 36.5132 22.8337
25.414 38.4654 28.704 23.5781
26.3579 38.8303 21.1359 24.3277
27.3419 39.0742 13.923 25.0786
28.3484 39.2039 7.34148 25.8304
29.3646 39.234 1.69778 26.5092
30.3821 39.1845 357.212 27.0319
31.3959 39.0773 353.963 27.4435
32.404 38.9336 351.888 27.8207
33.4063 38.7716 350.818 28.1967
34.4037 38.6049 350.517 28.5713
35.3976 38.4427 350.728 28.9442
36.3892 38.2894 351.21 29.3159
37.3797 38.146 351.767 29.6865
38.3699 38.0115 352.263 30.0567
39.3603 37.8834 352.627 30.4265
40.3511 37.7589 352.839 30.7964
41.3424 37.6356 352.909 31.1663
42.334 37.5114 352.866 31.5365
43.3257 37.3851 352.739 31.9067
44.3173 37.2555 352.556 32.2771
45.3088 37.1223 352.345 32.6476
46.3 36.9853 352.131 33.0182
47.2909 36.8452 351.954 33.3889
48.2817 36.7035 351.861 33.7596
49.2725 36.5627 351.915 34.1302
50.2636 36.4267 352.186 34.5008
51.2555 36.3003 352.739 34.8711
52.2486 36.1895 353.63 35.2412
53.2434 36.1007 354.898 35.692
54.2405 36.0407 1.29267 36.8461
54
15.5314 35.2891 255.452 5
16.2356 35.3455 174.452 6.0466
16.9229 35.2764 167.702 6.55828
17.5974 35.123 167.188 7.07067
18.263 34.9116 162.379 7.58797
18.9234 34.6678 159.736 7.93561
19.5819 34.416 159.072 8.19672
20.2411 34.1785 160.192 8.45623
20.9029 33.9749 162.901 8.7158
21.5681 33.8209 166.967 9.04558
22.2364 33.7279 172.072 9.51811
22.9061 33.7021 177.797 10.0146
23.5746 33.745 183.668 10.5108
24.2379 33.8572 189.604 11.0091
24.8907 34.0393 195.585 11.5111
25.526 34.291 201.614 12.0173
26.1354 34.6111 207.712 12.5272
26.7092 34.9975 213.958 13.0396
27.2361 35.4489 220.583 13.5628
27.6998 35.9678 228.221 14.2122
28.0681 36.5707 248.702 15.8913
27.7732 35.9287 357.158 15.8913
27.65 35.1305 265.001 17.0878
27.6873 34.2376 272.394 17.7498
27.8793 33.304 281.625 18.4558
28.218 32.378 290.09 19.1862
28.6927 31.5007 298.416 19.9251
29.2901 30.7029 306.824 20.6634
29.9945 30.0033 315.197 21.3988
30.788 29.4088 323.162 22.1332
31.6518 28.9148 330.236 22.8703
32.5666 28.5077 336.007 23.5599
33.5143 28.1676 340.256 24.0727
34.4787 27.8722 342.972 24.4704
35.447 27.6005 344.324 24.8428
36.4105 27.3354 344.619 25.213
37.3651 27.0665 344.266 25.5803
38.3114 26.7905 343.74 25.9454
39.2541 26.5122 343.554 26.3094
40.2021 26.2431 344.153 26.6744
41.1647 25.997 345.656 27.0424
42.1473 25.7814 347.626 27.4149
43.1478 25.5921 349.287 27.7921
44.1583 25.416 350.112 28.172
45.1705 25.239 350.084 28.5526
46.1781 25.0514 349.45 28.9322
47.1775 24.8473 348.461 29.3099
48.1667 24.6254 347.355 29.6854
49.1461 24.3887 346.414 30.0586
50.1182 24.1451 345.933 30.4298
51.087 23.9063 346.154 30.7993
52.0573 23.6868 347.251 31.1678
53.0346 23.5025 349.322 31.6167
54.0246 23.3701 357.158 32.7707
