4
59
55.5325 63.8794 127.715 5
54.8269 63.8444 352.715 6.04662
54.1255 63.9066 345.965 6.56821
53.4273 64.0218 350.623 7.07528
52.7314 64.1464 349.855 7.41672
52.0371 64.2363 352.622 7.68113
51.3434 64.2478 359.045 8.03282
50.6468 64.1301 19.7146 8.55613
49.3159 63.6533 19.7146 9.60334
48.2257 63.2972 19.7146 10.1697
47.3235 63.045 15.6148 10.5167
46.5577 62.8785 12.2665 10.8105
45.8798 62.7762 8.58443 11.1132
45.2463 62.7112 5.85655 11.4059
44.6192 62.6492 5.65116 11.6504
43.9663 62.5469 8.89997 11.939
43.2598 62.3539 15.2815 12.3926
42.4775 62.0086 23.8164 13.026
41.6123 61.431 33.7255 13.7966
40.6654 60.5534 42.8252 14.753
39.3346 60.0765 19.7146 15.8001
38.6566 59.8778 26.4646 16.149
38.029 59.5781 33.2146 16.4925
37.4459 59.2032 32.7391 17.006
36.9085 58.7649 39.2013 17.5196
36.421 58.2709 45.3795 18.0338
35.9883 57.7278 51.4538 18.5481
35.6149 57.1418 57.4947 19.0628
35.305 56.5195 63.5286 19.5778
35.0621 55.8675 69.5671 20.0932
34.8892 55.193 75.6211 20.609
34.7888 54.5035 81.7145 21.1251
34.7634 53.8072 87.9114 21.6412
34.8167 53.1125 94.3878 22.1656
34.9572 52.4288 101.615 22.8146
35.2086 51.7685 120.965 24.4894
34.8814 52.3947 184.961 24.4894
34.3296 52.9737 137.264 25.6743
33.6072 53.4828 144.828 26.329
32.7569 53.8981 153.966 27.0299
31.8185 54.2014 162.088 27.7604
30.8276 54.3809 169.731 28.5064
29.8132 54.4332 177.054 29.2588
28.7972 54.3628 183.961 30.0132
27.7941 54.1819 190.22 30.7479
26.8116 53.9079 195.584 31.3848
25.8518 53.5606 199.891 31.876
24.9131 53.1601 203.107 32.278
23.9915 52.7243 205.311 32.6556
23.0822 52.2678 206.658 33.0324
22.1806 51.802 207.318 33.4083
21.2822 51.3359 207.426 33.7831
20.3834 50.877 207.047 34.1569
19.4806 50.4335 206.159 34.5294
18.5702 50.0156 204.658 34.9004
17.6482 49.6357 202.393 35.2698
16.7102 49.3089 199.208 35.6377
15.7514 49.0522 194.992 36.0857
14.7669 48.8833 184.961 37.2397
50
51.8283 49.9384 272.883 5
51.1227 49.9722 7.38308 6.04653
50.4296 49.8952 14.1331 6.5631
49.7467 49.7429 12.572 7.08138
49.0705 49.5482 16.0645 7.51216
48.3978 49.3419 17.0518 7.81697
47.7265 49.1514 15.8423 8.07541
47.0555 48.9993 12.7682 8.3543
46.3852 48.9023 8.23073 8.73223
45.7169 48.8702 2.75271 9.22784
45.053 48.9053 356.971 9.72031
44.3965 49.0084 351.08 10.2126
43.7514 49.1796 345.136 10.707
43.1231 49.4189 339.151 11.205
42.5181 49.7255 333.127 11.7074
41.9438 50.0976 327.058 12.2143
41.4088 50.532 320.923 12.7248
40.9222 51.0247 314.642 13.2377
40.4951 51.5718 307.976 13.7612
40.1443 52.1729 300.272 14.4107
39.9055 52.8377 279.633 16.0898
40.0645 52.1494 179.209 16.0898
40.051 51.3994 266.133 17.2011
39.8972 50.6159 258.894 17.7925
39.6145 49.8248 250.336 18.4148
39.2084 49.0519 242.281 19.0616
38.6845 48.3214 234.352 19.7275
38.0502 47.6529 226.505 20.4101
37.3168 47.0603 218.937 21.1085
36.4983 46.5504 211.919 21.8228
35.6108 46.123 205.717 22.5524
34.6714 45.7715 200.518 23.1912
33.6967 45.4844 196.412 23.665
32.7012 45.2472 193.4 24.0588
31.6966 45.0445 191.41 24.4383
30.6913 44.8615 190.316 24.8168
29.6905 44.6858 189.956 25.1931
28.6965 44.5079 190.146 25.5671
27.7095 44.3215 190.695 25.9391
26.7285 44.1232 191.429 26.3098
25.7518 43.912 192.202 26.6799
24.7778 43.689 192.894 27.05
23.805 43.4571 193.406 27.4204
22.8322 43.221 193.645 27.7911
21.8584 42.9869 193.514 28.1621
20.8825 42.7632 192.912 28.5329
19.9036 42.5599 191.733 28.9032
18.9202 42.3885 189.887 29.2729
17.9311 42.2616 187.311 29.723
16.9346 42.1922 179.209 30.8771
57
55.8692 35.7953 260.936 0
55.1661 35.7268 355.436 1.04656
54.4771 35.7836 348.686 1.55866
53.7995 35.9248 348.235 2.07137
53.1303 36.1236 343.448 2.58849
52.4667 36.3544 340.828 2.93544
51.8062 36.5923 340.192 3.19546
51.1466 36.8148 341.36 3.45328
50.4862 37.0023 344.146 3.71635
49.8238 37.1396 348.293 4.05742
49.1587 37.2164 353.408 4.53606
48.4906 37.2289 358.931 5.03104
47.8196 37.1795 4.20644 5.52942
47.1461 37.0774 8.61994 6.03401
46.4706 36.9374 11.7147 6.42415
45.7939 36.7784 13.2219 6.70866
45.1169 36.6217 13.0267 6.96603
44.4411 36.4887 11.1332 7.22113
43.7684 36.3982 7.66648 7.51854
43.1011 36.3643 2.90535 7.93425
42.4418 36.3952 357.319 8.42316
41.793 36.4916 351.55 8.90903
41.1577 36.6534 345.708 9.39464
40.5399 36.8805 339.82 9.88221
39.9444 37.1724 333.887 10.3735
39.3771 37.5281 327.907 10.8695
38.8449 37.9458 321.878 11.3706
38.3552 38.422 315.796 11.8766
37.916 38.9522 309.639 12.3866
37.5359 39.5303 303.325 12.8991
37.2255 40.1503 296.596 13.4223
37.0022 40.8086 288.738 14.0718
36.9062 41.5085 267.686 15.7528
36.9192 40.8022 185.028 15.7528
36.7127 40.0297 251.386 16.9374
36.3229 39.2369 243.822 17.5918
35.776 38.4648 234.687 18.2927
35.0981 37.7486 226.574 19.0232
34.3146 37.1152 218.951 19.7695
33.4493 36.5816 211.662 20.5225
32.5238 36.1537 204.816 21.2778
31.5567 35.8271 198.66 22.0034
30.5633 35.5892 193.464 22.6179
29.5554 35.4221 189.412 23.0786
28.5416 35.3056 186.556 23.4656
27.5275 35.2202 184.814 23.8425
26.5164 35.1495 184.004 24.2179
25.5096 35.0811 183.887 24.5917
24.5073 35.0073 184.207 24.9639
23.5088 34.9247 184.729 25.335
22.5131 34.8328 185.275 25.7053
21.5191 34.7331 185.729 26.0753
20.5259 34.628 186.038 26.4452
19.5328 34.5202 186.196 26.8152
18.5395 34.412 186.219 27.1853
17.5457 34.3053 186.127 27.6363
16.551 34.2019 185.028 28.791
60
53.7814 23.2012 224.545 0
53.0759 23.1652 352.795 1.04655
52.3716 23.215 346.045 1.56955
51.6772 23.3447 349.42 2.09282
51.0022 23.5525 342.891 2.61597
50.3572 23.8407 325.795 3.13928
49.188 24.6355 325.795 4.18651
48.6282 25.0663 332.545 4.53534
48.0166 25.3617 339.295 4.87075
47.3714 25.5674 342.317 5.37237
46.6963 25.7003 348.858 5.88205
45.9933 25.7709 354.27 6.40541
45.2664 25.7928 358.269 6.89337
44.5223 25.7848 0.620219 7.23704
43.7707 25.7704 1.09789 7.51546
43.0245 25.7783 359.391 7.79184
42.3004 25.8439 354.825 8.1462
41.6201 26.0057 346.623 8.65411
40.9977 26.298 334.836 9.16345
40.4396 26.7155 323.209 9.67974
39.9324 27.2165 315.344 10.2078
39.476 27.7791 309.054 10.7444
39.0765 28.39 303.181 11.2851
38.7378 29.0364 297.653 11.8257
38.4632 29.7074 292.261 12.3628
38.2553 30.3946 286.832 12.8946
38.1164 31.0909 281.282 13.4205
38.0483 31.7902 275.559 13.941
38.0526 32.4869 269.648 14.457
38.1304 33.1757 263.553 14.9705
38.2839 33.8505 257.184 15.4922
38.5198 34.5042 250.159 16.1403
38.8578 35.1245 231.295 17.8184
38.4492 34.5482 177.967 17.8184
37.8247 34.049 214.996 19.0028
37.0407 33.6422 207.424 19.6571
36.1425 33.3454 198.287 20.3578
35.1719 33.1712 190.174 21.0883
34.1653 33.1262 182.557 21.8346
33.1519 33.2098 175.289 22.5879
32.1525 33.4135 168.48 23.3434
31.1793 33.7225 162.38 24.0638
30.2372 34.1175 157.254 24.669
29.3251 34.5769 153.269 25.1208
28.438 35.0797 150.456 25.5035
27.5693 35.6078 148.705 25.8801
26.7123 36.1474 147.799 26.2551
25.8616 36.6902 147.465 26.6289
25.0132 37.2321 147.429 27.0017
24.1651 37.7731 147.469 27.3743
23.3162 38.3146 147.465 27.7472
22.4661 38.8578 147.423 28.1209
21.6139 39.4014 147.468 28.4953
20.758 39.9398 147.825 28.8698
19.8952 40.4626 148.791 29.2434
19.0207 40.9534 150.694 29.6148
18.1285 41.3911 153.868 29.9829
17.2113 41.7505 158.605 30.4003
16.2609 42.0038 165.076 31.0049
15.2691 42.1222 177.967 32.6244
