3
70
55.7447 63.7705 306 0
55.0395 63.7289 353.25 1.04656
54.3531 63.8127 346.5 1.55878
53.6809 63.9805 345.98 2.07198
53.0188 64.2053 341.246 2.58992
52.3628 64.4608 338.72 2.93758
51.7096 64.7221 338.201 3.19814
51.0566 64.9664 339.487 3.45637
50.4022 65.1743 342.375 3.72484
49.7458 65.3307 346.602 4.07826
49.0882 65.4254 351.799 4.56084
48.4304 65.4542 357.493 5.04856
47.774 65.417 3.24722 5.53557
47.1208 65.3137 8.98477 6.02543
46.4727 65.146 14.5096 6.52132
45.8303 64.9217 19.2469 7.02534
45.1931 64.6544 22.7613 7.45809
44.5589 64.3617 24.7733 7.76555
43.9246 64.0639 25.1491 8.02508
43.2865 63.7815 23.8702 8.28352
42.6411 63.5335 21.023 8.55129
41.9861 63.3355 16.8176 8.90213
41.3208 63.199 11.5913 9.38956
40.6465 63.1309 5.77455 9.89158
39.967 63.1331 359.81 10.3949
39.288 63.2075 353.746 10.9009
38.6175 63.3559 347.524 11.4096
37.9657 63.5814 340.918 11.9306
37.3461 63.8932 333.281 12.5796
36.7829 64.3196 312.75 14.2618
37.2921 63.83 180.319 14.2618
37.6937 63.1376 296.451 15.4476
37.9804 62.301 288.914 16.1027
38.141 61.3681 279.766 16.8039
38.1686 60.3825 271.607 17.5343
38.0617 59.382 263.898 18.2796
37.8246 58.3955 256.485 19.0312
37.468 57.443 249.477 19.7845
37.0079 56.5346 243.136 20.5261
36.4638 55.6724 237.747 21.1717
35.857 54.852 233.512 21.6584
35.208 54.065 230.491 22.056
34.5349 53.3012 228.613 22.4331
33.8522 52.5509 227.699 22.8088
33.17 51.8061 227.51 23.1828
32.4941 51.0611 227.784 23.5554
31.8269 50.3128 228.28 23.9267
31.168 49.56 228.805 24.2973
30.5156 48.8032 229.236 24.6673
29.8673 48.0437 229.518 25.0372
29.2209 47.2828 229.652 25.4069
28.5749 46.5216 229.683 25.7767
27.9289 45.7605 229.674 26.1464
27.2831 44.9992 229.691 26.5162
26.6383 44.2366 229.788 26.8861
25.9958 43.4709 229.994 27.2563
25.3562 42.7005 230.303 27.6271
24.7198 41.9238 230.668 27.999
24.0854 41.1404 231.002 28.3724
23.4505 40.3513 231.181 28.7475
22.8112 39.5603 231.054 29.1242
22.1618 38.7739 230.451 29.5019
21.4958 38.0025 229.189 29.8794
20.8054 37.2602 227.077 30.2548
20.0829 36.5648 223.907 30.6262
19.3205 35.9374 219.451 31.0287
18.5108 35.4021 213.471 31.5617
17.6469 34.9848 205.783 32.2506
16.7223 34.7127 196.398 33.0015
15.7274 34.624 180.319 34.6429
54
15.6161 48.9862 58.5 0
16.3213 49.0278 173.25 1.04656
17.0107 48.9512 166.5 1.56037
17.6816 48.7871 166.257 2.07198
18.3289 48.5482 159.743 2.58307
18.9463 48.2413 153.564 3.09379
19.5271 47.8714 147.509 3.60386
20.0651 47.4434 141.497 4.1131
20.5551 46.9618 135.497 4.62203
20.992 46.4316 129.494 5.13093
21.3716 45.8578 123.482 5.64056
21.6896 45.2457 117.455 6.15151
21.9421 44.6016 111.402 6.66397
22.1251 43.9325 105.299 7.1778
22.2347 43.2464 99.0752 7.69247
22.2654 42.5517 92.5286 8.21633
22.206 41.8573 85.1132 8.86542
22.0276 41.1737 65.25 10.5423
22.2851 41.8316 357.018 10.5423
22.7708 42.4662 48.9507 11.7262
23.4332 43.0493 41.3536 12.3799
24.2327 43.5529 32.2067 13.0798
25.1319 43.9547 24.0777 13.8093
26.0975 44.2399 16.4574 14.5551
27.1013 44.4028 9.21609 15.3084
28.1216 44.4468 2.47196 16.0649
29.1431 44.3836 356.457 16.7783
30.1562 44.23 351.382 17.3735
31.1559 44.0054 347.335 17.827
32.1398 43.7279 344.254 18.2132
33.1075 43.4127 341.954 18.5901
34.0591 43.0698 340.186 18.9648
34.9947 42.7054 338.718 19.3366
35.9152 42.3223 337.407 19.7059
36.8224 41.9233 336.255 20.073
37.7198 41.5128 335.418 20.4385
38.6131 41.099 335.15 20.8031
39.5105 40.6948 335.752 21.1676
40.4227 40.3188 337.596 21.533
41.3624 39.9939 340.926 21.9013
42.3369 39.7334 345.036 22.2915
43.3389 39.5237 348.184 22.6876
44.3537 39.3378 349.619 23.0697
45.3698 39.1537 349.729 23.4522
46.379 38.9552 348.872 23.8331
47.3754 38.7306 347.294 24.2114
48.3566 38.4746 345.38 24.587
49.3233 38.1896 343.574 24.9602
50.2789 37.8844 342.283 25.3318
51.2286 37.5729 341.845 25.702
52.1785 37.2735 342.505 26.0708
53.1351 37.0069 344.422 26.4386
54.1049 36.7949 347.671 26.8867
55.0947 36.6601 357.018 28.0408
52
15.785 41.7208 294.091 0
16.4897 41.6711 186.091 1.04659
17.1811 41.7367 192.841 1.56104
17.856 41.8891 192.727 2.07355
18.5091 42.1167 199.214 2.58587
19.1339 42.4133 205.39 3.09818
19.7237 42.7741 211.454 3.61033
20.2722 43.1946 217.479 4.12229
20.7737 43.6704 223.495 4.63436
21.2228 44.1965 229.514 5.14674
21.6147 44.7677 235.544 5.65986
21.9449 45.3781 241.595 6.17393
22.2087 46.0212 247.69 6.68882
22.4016 46.6896 253.899 7.20414
22.5176 47.3758 260.409 7.7282
22.5452 48.0727 267.731 8.37726
22.4565 48.7736 287.341 10.0531
22.627 48.088 2.46974 10.0531
23.0007 47.4089 300.841 11.2014
23.5345 46.7599 309.439 11.8239
24.2006 46.1678 318.362 12.484
24.9747 45.6581 326.64 13.1706
25.8334 45.2504 334.6 13.8747
26.7552 44.9561 342.291 14.5915
27.7204 44.7783 349.564 15.3185
28.7126 44.712 356.176 16.0551
29.7182 44.7455 1.91113 16.7428
30.7268 44.8631 6.65027 17.2993
31.7309 45.0474 10.3976 17.727
32.7255 45.2817 13.2575 18.1054
33.7079 45.5522 15.393 18.4828
34.677 45.848 16.9768 18.8581
35.6331 46.1614 18.1451 19.2308
36.5783 46.4862 18.9651 19.6009
37.5158 46.8163 19.3976 19.969
38.4504 47.1435 19.2977 20.3358
39.3879 47.4584 18.5685 20.7021
40.3317 47.7557 17.4814 21.0686
41.2863 48.0274 15.8894 21.4362
42.2768 48.2159 10.7722 21.8795
43.2753 48.3874 9.7494 22.325
44.2796 48.548 9.08342 22.7017
45.2864 48.7051 8.87069 23.0791
46.2893 48.8741 9.5629 23.4558
47.2847 49.063 10.7441 23.831
48.2712 49.2738 12.0646 24.2046
49.2496 49.5032 13.1949 24.5768
50.2219 49.7426 13.8285 24.9477
51.1919 49.979 13.7016 25.3175
52.1639 50.1967 12.6212 25.6864
53.1428 50.3777 10.4778 26.1357
54.1337 50.5037 2.46974 27.2898
