5
54
52.9673 63.6838 128.25 1
52.262 63.6423 353.25 2.0467
51.5622 63.6914 346.5 2.56634
50.866 63.8009 351.067 3.08838
50.1717 63.9408 348.606 3.43814
49.4784 64.0833 348.385 3.70029
48.786 64.2035 350.146 3.96057
48.0955 64.2805 353.638 4.26199
47.4089 64.2972 358.612 4.68335
46.7293 64.2398 4.82773 5.18855
46.0607 64.0911 12.5332 5.69591
45.4135 63.808 33.75 6.21917
44.238 63.0226 33.75 7.26639
43.3564 62.4336 33.75 7.78997
42.4748 61.8445 33.75 8.18268
41.2994 61.0591 33.75 8.70625
40.6899 60.7019 40.5 8.9679
40.0412 60.322 47.25 9.24633
39.5266 59.8276 46.0054 9.59873
39.1021 59.2668 52.8738 10.1197
38.7519 58.6584 60.0777 10.6397
38.4722 58.0132 66.5616 11.1606
38.263 57.34 72.7382 11.6828
38.1249 56.6477 78.7142 12.2057
38.0589 55.9449 84.6373 12.7286
38.067 55.2402 90.6584 13.2506
38.1517 54.5421 96.9133 13.778
38.317 53.8589 103.605 14.4273
38.5745 53.2011 121.5 16.0937
38.2415 53.8241 180.735 16.0937
37.7131 54.3913 135 17.2421
37.0369 54.8903 143.577 17.8646
36.2461 55.302 152.494 18.525
35.3704 55.6077 160.759 19.2121
34.4374 55.7943 168.69 19.9169
33.4711 55.856 176.344 20.6341
32.4913 55.7948 183.575 21.3613
31.513 55.6198 190.142 22.0975
30.5462 55.346 195.812 22.7792
29.5961 54.992 200.435 23.3216
28.6644 54.5775 203.983 23.7429
27.75 54.121 206.53 24.1215
26.8499 53.6379 208.225 24.4998
25.9605 53.1397 209.252 24.8774
25.078 52.6346 209.786 25.254
24.1989 52.1281 209.951 25.6297
23.3199 51.625 209.784 26.0049
22.4378 51.1316 209.218 26.3792
21.5491 50.6574 208.085 26.7523
20.6499 50.216 206.144 27.1233
19.7354 49.8256 203.118 27.4915
18.8003 49.5083 198.746 27.8908
17.8387 49.2887 192.863 28.4373
16.8445 49.1928 180.735 29.9017
48
16.6381 49.0504 280.671 2
17.3428 49.0017 186.171 3.04649
18.0368 49.062 192.921 3.5625
18.7163 49.2076 192.096 4.07726
19.3757 49.4287 198.538 4.59243
20.0083 49.72 204.72 5.10832
20.6073 50.0771 210.809 5.62489
21.1658 50.4959 216.861 6.14198
21.6774 50.9714 222.903 6.65935
22.1362 51.4983 228.957 7.17688
22.5363 52.0709 235.054 7.69431
22.8722 52.683 241.246 8.2115
23.137 53.3285 247.695 8.73633
23.3198 54.0029 254.832 9.38537
23.3961 54.7052 273.921 11.0587
23.4029 53.9988 2.63547 11.0587
23.592 53.2725 287.421 12.1706
23.9255 52.5464 294.671 12.7625
24.3862 51.8432 303.231 13.3852
24.9625 51.187 311.293 14.0321
25.6432 50.6003 319.242 14.6978
26.4163 50.101 327.142 15.3795
27.2678 49.7003 334.8 16.0766
28.1826 49.402 341.938 16.7893
29.1448 49.2024 348.28 17.5172
30.1397 49.0911 353.619 18.1689
31.1539 49.053 357.849 18.6618
32.1767 49.0702 0.962187 19.0632
33.2003 49.1244 3.03208 19.4429
34.2199 49.1992 4.19348 19.8215
35.2335 49.2812 4.62836 20.1981
36.2409 49.3613 4.54759 20.5724
37.2432 49.4343 4.16446 20.9446
38.242 49.4983 3.66762 21.3153
39.2391 49.5541 3.19896 21.6852
40.2356 49.6035 2.84171 22.0547
41.2324 49.6492 2.62275 22.4243
42.2299 49.6933 2.53029 22.7941
43.228 49.7373 2.52857 23.1641
44.2267 49.7823 2.57661 23.5344
45.2257 49.8284 2.64 23.9048
46.2248 49.8754 2.69487 24.2752
47.2239 49.923 2.73133 24.6457
48.223 49.971 2.7479 25.0161
49.2219 50.019 2.75036 25.3865
50.2208 50.0669 2.74532 25.7569
51.2196 50.1146 2.73641 26.2082
52.2185 50.1622 2.63547 27.3629
49
18.0437 41.7866 65.55 3
18.7487 41.8319 173.55 4.0466
19.4397 41.762 166.8 4.56106
20.1136 41.6053 166.915 5.07357
20.7653 41.3736 160.428 5.58591
21.3882 41.0732 154.251 6.09817
21.9758 40.7087 148.188 6.61037
22.5216 40.2847 142.163 7.12233
23.0201 39.8058 136.146 7.63437
23.4659 39.2769 130.127 8.14676
23.8542 38.7033 124.097 8.65985
24.1805 38.0908 118.046 9.17392
24.4403 37.4461 111.951 9.68879
24.6291 36.7765 105.743 10.2041
24.7408 36.0896 99.2324 10.7282
24.764 35.3925 91.9102 11.3773
24.6709 34.6922 72.3 13.053
24.8457 35.3767 358.63 13.053
25.2494 36.0647 56.0007 14.2348
25.8349 36.7235 48.3729 14.8876
26.5666 37.322 39.2809 15.5879
27.4102 37.835 31.3047 16.3192
28.3345 38.245 23.92 17.0682
29.312 38.5433 16.9715 17.8253
30.3207 38.7311 10.5474 18.5766
31.3438 38.8182 4.86305 19.2529
32.3699 38.8208 0.146559 19.7953
33.3922 38.7591 356.546 20.2195
34.4077 38.6539 354.087 20.5976
35.416 38.5243 352.673 20.9741
36.418 38.3855 352.114 21.3487
37.4154 38.2483 352.166 21.7216
38.4101 38.1187 352.578 22.0932
39.4034 37.999 353.128 22.4637
40.3965 37.8885 353.651 22.8338
41.3898 37.785 354.049 23.2037
42.3835 37.6856 354.289 23.5735
43.3778 37.5877 354.38 23.9436
44.3725 37.4895 354.359 24.3138
45.3673 37.3897 354.271 24.6841
46.3622 37.2879 354.159 25.0545
47.357 37.1843 354.057 25.4249
48.3518 37.0797 353.993 25.7954
49.3465 36.9748 353.985 26.1658
50.3412 36.8712 354.05 26.5362
51.3359 36.7701 354.199 26.9066
52.331 36.6733 354.44 27.2768
53.3265 36.5823 354.78 27.728
54.3227 36.4991 358.63 28.8825
47
17.0335 42.262 241.397 4
17.7391 42.2284 187.397 5.04652
18.4407 42.2872 194.147 5.56804
19.1313 42.427 191.445 6.08998
19.8031 42.6424 197.772 6.61256
20.4477 42.9296 204.018 7.13529
21.0564 43.2859 210.341 7.6636
21.6193 43.7099 216.986 8.31333
22.123 44.2052 234.647 9.97703
21.681 43.6541 359.135 9.97703
21.3679 42.9687 248.147 11.0934
21.168 42.1902 255.599 11.6887
21.0827 41.3493 264.209 12.3148
21.1182 40.4742 272.321 12.9636
21.2795 39.5914 280.358 13.6283
21.5688 38.7252 288.466 14.3048
21.9844 37.8966 296.637 14.9915
22.521 37.1225 304.732 15.6892
23.1676 36.4139 312.377 16.3997
23.9086 35.7748 319.221 17.1246
24.7255 35.2032 325.02 17.8187
25.5991 34.692 329.667 18.3754
26.5111 34.2309 333.177 18.8001
27.446 33.8079 335.658 19.1801
28.3917 33.4119 337.278 19.5599
29.3396 33.0331 338.219 19.9379
30.2844 32.6637 338.642 20.3136
31.2226 32.2968 338.641 20.6867
32.1515 31.9257 338.222 21.0572
33.0681 31.5424 337.307 21.4252
33.9692 31.1369 335.774 21.7912
34.8511 30.6979 333.535 22.156
35.7106 30.2142 330.632 22.5213
36.5467 29.6777 327.31 22.8892
37.3612 29.0866 324.034 23.262
38.1605 28.4489 321.414 23.6407
38.9555 27.7839 320.087 24.0246
39.7614 27.1231 320.654 24.4106
40.5979 26.5101 323.761 24.7947
41.4875 25.9974 330.045 25.2901
42.4449 25.6233 338.658 26.0257
43.4581 25.3771 346.34 26.798
44.5039 25.2235 351.647 27.4528
45.5627 25.1315 355.035 27.9171
46.6168 25.0699 356.654 28.3082
47.649 25.0062 356.467 28.7749
48.643 24.908 359.135 29.929
64
16.539 34.6649 147.407 5
17.2449 34.6376 187.907 6.04656
17.9479 34.6981 194.657 6.56923
18.6399 34.8384 191.462 7.09225
19.3122 35.0549 197.852 7.61543
19.9551 35.3464 204.39 8.13832
20.5572 35.7159 221.657 8.66161
21.6135 36.6555 221.657 9.70881
22.5779 37.5135 221.657 10.3463
23.4588 38.2972 221.657 10.7829
24.2654 39.0148 221.658 11.1828
25.0093 39.6766 221.658 11.5516
25.7056 40.296 221.657 11.8967
26.372 40.8889 221.657 12.2271
27.0282 41.4727 221.657 12.5524
27.6925 42.0636 221.657 12.8817
28.3793 42.6746 221.657 13.2221
29.0964 43.3125 221.657 13.5776
29.8436 43.9773 221.657 13.948
30.6129 44.6617 221.657 14.3294
31.39 45.353 221.657 14.7146
32.1574 46.0358 221.657 15.095
32.8977 46.6943 221.657 15.462
33.5968 47.3162 221.657 15.8085
34.2462 47.894 221.658 16.1305
34.8449 48.4266 221.658 16.4273
35.3986 48.9192 221.657 16.7018
35.9191 49.3823 221.657 16.9598
36.4229 49.8305 221.657 17.2095
36.9289 50.2806 221.657 17.4604
37.457 50.7504 221.657 17.7221
37.9563 51.2502 214.907 18.0211
38.5162 51.6735 208.157 18.4368
39.1224 52.0276 210.29 18.9568
39.7653 52.3129 203.935 19.4778
40.4361 52.5275 197.74 19.9995
41.1262 52.669 191.586 20.5213
41.8272 52.7352 185.395 21.0429
42.5303 52.7235 179.046 21.5703
43.2269 52.6288 172.253 22.2198
43.9069 52.4374 154.157 23.8863
43.2541 52.7074 0.218112 23.8863
42.4159 53.1542 137.858 25.2246
41.5125 53.7717 145.648 25.9955
40.6637 54.5541 137.33 26.8291
39.9928 55.4987 125.384 27.6874
39.62 56.6063 108.603 28.553
39.5162 57.7971 94.9802 29.4384
39.6498 58.9956 83.6413 30.3317
39.9968 60.1365 73.0842 31.2151
40.5288 61.1615 62.5683 32.0705
41.2215 62.0118 50.8308 32.8829
42.0524 62.6381 37.0084 33.6536
42.9775 63.083 25.6853 34.414
43.958 63.3929 17.5401 35.1757
44.9691 63.5958 11.3467 35.9072
45.992 63.7197 6.90287 36.4512
47.0152 63.7871 3.7689 36.8599
48.033 63.8156 1.60286 37.237
49.0439 63.8189 0.190021 37.6114
50.049 63.8083 359.398 37.9837
51.0501 63.7936 359.156 38.3545
52.0496 63.7837 359.433 38.8056
53.0495 63.7875 0.218112 39.9602
