3
58
14.2452 47.8244 120.694 15
14.9513 47.8006 188.194 16.0467
15.6552 47.8599 194.944 16.5699
16.3473 48.0016 201.694 17.0932
17.6609 48.5242 201.694 18.1404
18.774 48.967 201.694 18.732
19.7344 49.349 201.694 19.1148
20.5875 49.6884 201.694 19.4549
21.3728 50.0009 201.695 19.7679
22.1205 50.2983 201.695 20.0659
22.851 50.5889 201.694 20.3571
23.5755 50.8772 201.695 20.6459
24.3003 51.1656 201.695 20.9348
25.0313 51.4564 201.694 21.2262
25.7793 51.7539 201.695 21.5243
26.5638 52.0661 201.694 21.8371
27.415 52.4047 201.694 22.1764
28.3725 52.7856 201.693 22.558
29.4832 53.2274 201.694 23.0007
30.7968 53.75 201.694 23.5243
31.4367 54.0493 194.944 23.786
32.1071 54.253 188.194 24.132
32.7968 54.3749 190.023 24.6508
33.4971 54.4195 183.647 25.1706
34.1993 54.3883 177.457 25.6912
34.8949 54.2823 171.328 26.2125
35.575 54.1026 165.201 26.7335
36.2313 53.8509 159.014 27.2542
36.8547 53.5283 152.644 27.781
37.435 53.1335 145.772 28.4303
37.9565 52.6569 127.444 30.0986
37.4947 53.1915 0.061924 30.0986
37.1528 53.9302 111.145 31.3045
36.9401 54.8084 103.613 31.9738
36.8673 55.77 94.327 32.6881
36.9405 56.7629 85.7877 33.4256
37.1604 57.7411 77.329 34.1683
37.5218 58.667 68.6771 34.9045
38.0133 59.5129 59.8422 35.6292
38.6207 60.2604 50.9062 36.3427
39.3295 60.8984 41.9877 37.0491
40.1263 61.4208 33.2469 37.7548
40.9979 61.8258 24.9257 38.4668
41.9291 62.1208 17.5733 39.1903
42.9042 62.3197 11.5302 39.907
43.9082 62.4414 6.91314 40.4761
44.928 62.5067 3.66621 40.8995
45.9534 62.5359 1.62785 41.2795
46.9774 62.5462 0.578594 41.6587
47.9963 62.5511 0.275221 42.0361
49.0087 62.5595 0.474321 42.4111
50.0149 62.5762 0.949606 42.7838
51.0162 62.6026 1.51032 43.1548
52.0144 62.6376 2.0115 43.5247
53.0109 62.6786 2.35656 43.8941
54.0073 62.722 2.49304 44.2635
55.0046 62.7638 2.39811 44.7139
56.0039 62.7999 0.061924 45.8686
50
15.5625 41.0993 92.25 10
16.2677 41.1409 173.25 11.0466
16.9643 41.0794 166.5 11.5646
17.6475 40.934 167.99 12.082
18.3115 40.713 161.592 12.6004
18.949 40.4212 155.406 13.1197
19.5527 40.0628 149.3 13.6397
20.1153 39.6423 143.23 14.16
20.6299 39.1646 137.125 14.6801
21.0894 38.6349 130.942 15.1996
21.4865 38.0581 124.547 15.7256
21.811 37.437 117.585 16.3748
22.0425 36.7696 99 18.0448
21.8911 37.4596 359.757 18.0448
21.9242 38.2342 85.5 19.1934
22.114 39.0533 76.9537 19.8162
22.4476 39.8808 68.0456 20.4771
22.9146 40.6829 59.7907 21.1646
23.5025 41.4317 51.8641 21.8698
24.197 42.1066 44.1791 22.5872
24.9822 42.6951 36.8502 23.314
25.8414 43.1932 30.1008 24.0497
26.758 43.6046 24.1729 24.7553
27.716 43.9392 19.2548 25.3403
28.701 44.2116 15.4545 25.7778
29.7007 44.4389 12.8093 26.1575
30.7047 44.6396 11.3061 26.5367
31.7049 44.8322 10.9005 26.914
32.6947 45.0339 11.5165 27.2881
33.6694 45.2595 13.0347 27.6586
34.626 45.5205 15.2617 28.0259
35.5634 45.8234 17.9045 28.3907
36.4829 46.1682 20.5596 28.7544
37.3886 46.5477 22.7329 29.1181
38.2881 46.9466 23.915 29.4826
39.1911 47.3433 23.715 29.8479
40.1098 47.7108 21.8053 30.2143
41.0604 48.0131 17.6393 30.6053
42.0564 48.2199 11.7308 31.1234
43.0838 48.3584 7.67483 31.6272
44.1238 48.4661 5.91636 32.0223
45.165 48.5671 5.53563 32.4097
46.1972 48.6821 6.36176 32.7944
47.2136 48.8257 8.03946 33.1746
48.2124 49.0011 9.95856 33.5502
49.1957 49.2013 11.5098 33.9218
50.1689 49.4103 12.1189 34.2905
51.1401 49.6046 11.3148 34.6573
52.1185 49.7562 8.80812 35.1042
53.1142 49.8351 359.757 36.2582
52
14.7999 33.7503 281.642 5
15.5054 33.7135 187.142 6.04661
16.1982 33.7856 193.892 6.56256
16.8751 33.9427 193.067 7.0773
17.5307 34.175 199.508 7.59251
18.1583 34.4769 205.691 8.10839
18.7511 34.8442 211.78 8.62496
19.3024 35.2723 217.833 9.14199
19.8059 35.7564 223.874 9.65938
20.2557 36.2911 229.929 10.177
20.6461 36.8704 236.025 10.6944
20.9715 37.488 242.218 11.2115
21.2253 38.1379 248.666 11.7363
21.3967 38.8154 255.803 12.3854
21.4611 39.5189 274.892 14.0586
21.4798 38.8127 0.0492099 14.0586
21.7209 38.0461 291.192 15.2492
22.1465 37.2663 298.629 15.9072
22.7285 36.5163 307.811 16.6104
23.4389 35.8329 316.11 17.3406
24.2509 35.2451 324.097 18.0832
25.1396 34.7715 331.951 18.8291
26.0833 34.4198 339.561 19.5751
27.0636 34.1867 346.624 20.3215
28.0659 34.06 352.792 21.0473
29.0793 34.021 357.799 21.6494
30.0963 34.0482 1.53046 22.0883
31.1123 34.1197 4.02446 22.4656
32.1247 34.216 5.43521 22.8422
33.1327 34.3218 5.9901 23.2176
34.1367 34.4263 5.94425 23.5915
35.1374 34.5235 5.54935 23.9638
36.1357 34.6112 5.01971 24.335
37.1327 34.6899 4.50965 24.7054
38.1291 34.7614 4.10986 25.0754
39.1254 34.8286 3.85397 25.4452
40.122 34.8936 3.73237 25.8151
41.119 34.9583 3.7113 26.1852
42.1164 35.0236 3.75076 26.5554
43.114 35.0902 3.81804 26.9257
44.1118 35.1581 3.89041 27.2961
45.1095 35.227 3.95485 27.6665
46.1073 35.297 4.00797 28.0369
47.105 35.3676 4.05113 28.4074
48.1026 35.4388 4.0818 28.7778
49.1002 35.5102 4.09386 29.1482
50.0978 35.5813 4.07676 29.5187
51.0954 35.6514 4.0187 29.889
52.093 35.7195 3.90619 30.2594
53.0906 35.7845 3.72676 30.6297
54.0885 35.8451 3.47261 31.0808
55.0868 35.8998 0.0492099 32.2354
