2
53
14.3355 47.7906 254.25 0
15.0407 47.749 186.75 1.04656
15.7404 47.8049 193.5 1.5665
16.4287 47.9433 191.368 2.08656
17.0986 48.1574 197.722 2.60751
17.7425 48.4429 203.917 3.12926
18.3522 48.796 210.071 3.65116
18.9199 49.2124 216.263 4.17267
19.4374 49.6885 222.612 4.70003
19.8948 50.2223 229.403 5.34954
20.2757 50.8172 247.5 7.01601
19.9674 50.1816 357.597 7.01601
19.8278 49.3852 263.799 8.21385
19.8471 48.4902 271.236 8.87697
20.0204 47.5506 280.447 9.58471
20.3398 46.6153 288.855 10.3168
20.7952 45.7261 297.118 11.0568
21.3739 44.9151 305.511 11.7948
22.0611 44.2035 314.003 12.5276
22.8405 43.6015 322.317 13.2571
23.695 43.1088 330.031 13.9878
24.6077 42.7165 336.745 14.7236
25.5627 42.4098 342.19 15.3846
26.5457 42.1698 346.283 15.8675
27.5448 41.9772 349.09 16.2584
28.5508 41.8139 350.777 16.6359
29.557 41.6647 351.565 17.0126
30.5595 41.5184 351.699 17.3878
31.5566 41.3679 351.42 17.7613
32.5483 41.2098 350.942 18.1333
33.5354 41.0435 350.434 18.504
34.5195 40.8701 350.006 18.8741
35.5018 40.6917 349.709 19.2439
36.4836 40.5106 349.549 19.6136
37.4656 40.3287 349.503 19.9835
38.4482 40.1472 349.533 20.3536
39.4314 39.9667 349.601 20.7238
40.4152 39.7875 349.675 21.0942
41.3993 39.6093 349.733 21.4646
42.3835 39.4314 349.759 21.835
43.3676 39.2534 349.743 22.2054
44.3516 39.0742 349.682 22.5759
45.3352 38.8933 349.578 22.9463
46.3185 38.7099 349.437 23.3167
47.3014 38.5239 349.282 23.6872
48.2839 38.3354 349.142 24.0578
49.2663 38.1456 349.065 24.4283
50.2488 37.9565 349.105 24.7989
51.2318 37.7712 349.325 25.1694
52.2159 37.5938 349.78 25.5398
53.2017 37.4292 350.521 25.9099
54.19 37.2829 351.578 26.3608
55.1814 37.1605 357.597 27.5149
53
14.765 34.3682 119.835 0
15.4698 34.417 173.835 1.04665
16.1724 34.3732 167.085 1.5681
16.8659 34.2483 169.787 2.09007
17.5422 34.0475 163.459 2.61265
18.1928 33.7741 157.214 3.1354
18.809 33.431 150.891 3.6637
19.3809 33.0193 144.246 4.31341
19.8951 32.5349 126.585 5.97719
19.4414 33.0763 0.34813 5.97719
19.1139 33.7569 113.085 7.09615
18.8984 34.5339 105.5 7.69343
18.7973 35.3759 96.8451 8.32162
18.8175 36.2537 88.6841 8.97201
18.9644 37.1397 80.5846 9.63727
19.2401 38.0082 72.3881 10.3122
19.6429 38.8368 64.0718 10.9947
20.1677 39.6062 55.7023 11.6846
20.8062 40.3016 47.4414 12.3839
21.5462 40.9136 39.5934 13.0952
22.371 41.4407 32.5808 13.8203
23.2619 41.8885 26.6852 14.5234
24.1999 42.2679 22.0238 15.0872
25.1676 42.5931 18.5755 15.5124
26.1511 42.8792 16.222 15.8917
27.14 43.1402 14.7849 16.2705
28.1278 43.3876 14.0593 16.6477
29.1112 43.63 13.8478 17.0228
30.0889 43.8737 13.9964 17.396
31.0607 44.1235 14.4176 17.7676
32.0263 44.3841 15.0989 18.1381
32.9851 44.6604 16.0807 18.5076
33.9354 44.9584 17.4091 18.8765
34.8755 45.2836 19.0791 19.2449
35.8039 45.6397 20.9845 19.6132
36.7207 46.0267 22.889 19.9818
37.628 46.4392 24.4485 20.3509
38.5305 46.8653 25.2738 20.7205
39.4356 47.2867 24.9611 21.0903
40.3539 47.6772 23.0405 21.4599
41.2979 48.007 19.256 21.8303
42.2741 48.2595 14.5002 22.255
43.276 48.4505 10.7945 22.6846
44.2894 48.6135 9.13709 23.0648
45.3028 48.776 9.11231 23.4449
46.3087 48.9563 10.1608 23.8234
47.3024 49.1651 11.8658 24.1995
48.2824 49.4034 13.6691 24.573
49.2511 49.6617 14.9283 24.9444
50.2138 49.9208 15.0661 25.3136
51.1782 50.1547 13.6313 25.6811
52.1531 50.3325 10.3385 26.1284
53.148 50.4217 0.34813 27.2825
